   5.0000000e-01   1.0000000e+03
   4.5183902e-03   1.0000352e+03
   4.5592219e-03   1.0000708e+03
   4.6004226e-03   1.0001067e+03
   4.6419956e-03   1.0001429e+03
   4.6839443e-03   1.0001794e+03
   4.7262721e-03   1.0002163e+03
   4.7689823e-03   1.0002535e+03
   4.8120786e-03   1.0002910e+03
   4.8555643e-03   1.0003289e+03
   4.8994429e-03   1.0003671e+03
   4.9437181e-03   1.0004056e+03
   4.9883934e-03   1.0004445e+03
   5.0334724e-03   1.0004838e+03
   5.0789588e-03   1.0005234e+03
   5.1248563e-03   1.0005634e+03
   5.1711685e-03   1.0006037e+03
   5.2178992e-03   1.0006444e+03
   5.2650522e-03   1.0006854e+03
   5.3126313e-03   1.0007269e+03
   5.3606404e-03   1.0007687e+03
   5.4090833e-03   1.0008108e+03
   5.4579640e-03   1.0008534e+03
   5.5072864e-03   1.0008963e+03
   5.5570546e-03   1.0009396e+03
   5.6072725e-03   1.0009834e+03
   5.6579442e-03   1.0010275e+03
   5.7090738e-03   1.0010720e+03
   5.7606654e-03   1.0011169e+03
   5.8127233e-03   1.0011622e+03
   5.8652516e-03   1.0012079e+03
   5.9182546e-03   1.0012541e+03
   5.9717365e-03   1.0013006e+03
   6.0257018e-03   1.0013476e+03
   6.0801547e-03   1.0013950e+03
   6.1350998e-03   1.0014428e+03
   6.1905413e-03   1.0014911e+03
   6.2464839e-03   1.0015398e+03
   6.3029320e-03   1.0015889e+03
   6.3598902e-03   1.0016385e+03
   6.4173631e-03   1.0016885e+03
   6.4753554e-03   1.0017389e+03
   6.5338718e-03   1.0017899e+03
   6.5929170e-03   1.0018412e+03
   6.6524957e-03   1.0018931e+03
   6.7126128e-03   1.0019454e+03
   6.7732732e-03   1.0019982e+03
   6.8344818e-03   1.0020514e+03
   6.8962435e-03   1.0021052e+03
   6.9585634e-03   1.0021594e+03
   7.0214464e-03   1.0022141e+03
   7.0848977e-03   1.0022693e+03
   7.1489223e-03   1.0023250e+03
   7.2135256e-03   1.0023812e+03
   7.2787126e-03   1.0024379e+03
   7.3444887e-03   1.0024952e+03
   7.4108593e-03   1.0025529e+03
   7.4778296e-03   1.0026112e+03
   7.5454051e-03   1.0026700e+03
   7.6135912e-03   1.0027293e+03
   7.6823936e-03   1.0027891e+03
   7.7518177e-03   1.0028495e+03
   7.8218692e-03   1.0029104e+03
   7.8925537e-03   1.0029719e+03
   7.9638770e-03   1.0030339e+03
   8.0358448e-03   1.0030965e+03
   8.1084629e-03   1.0031597e+03
   8.1817373e-03   1.0032234e+03
   8.2556739e-03   1.0032877e+03
   8.3302786e-03   1.0033526e+03
   8.4055575e-03   1.0034180e+03
   8.4815167e-03   1.0034841e+03
   8.5581623e-03   1.0035507e+03
   8.6355005e-03   1.0036180e+03
   8.7135376e-03   1.0036858e+03
   8.7922800e-03   1.0037543e+03
   8.8717339e-03   1.0038234e+03
   8.9519058e-03   1.0038931e+03
   9.0328022e-03   1.0039634e+03
   9.1144296e-03   1.0040344e+03
   9.1967947e-03   1.0041060e+03
   9.2799042e-03   1.0041782e+03
   9.3637646e-03   1.0042511e+03
   9.4483829e-03   1.0043247e+03
   9.5337659e-03   1.0043989e+03
   9.6199204e-03   1.0044738e+03
   9.7068535e-03   1.0045493e+03
   9.7945722e-03   1.0046256e+03
   9.8830836e-03   1.0047025e+03
   9.9723949e-03   1.0047801e+03
   1.0062513e-02   1.0048584e+03
   1.0153446e-02   1.0049375e+03
   1.0245200e-02   1.0050172e+03
   1.0337784e-02   1.0050976e+03
   1.0431204e-02   1.0051788e+03
   1.0525469e-02   1.0052607e+03
   1.0620585e-02   1.0053433e+03
   1.0716561e-02   1.0054267e+03
   1.0813404e-02   1.0055109e+03
   1.0911123e-02   1.0055958e+03
   1.1009724e-02   1.0056814e+03
   1.1109216e-02   1.0057678e+03
   1.1209608e-02   1.0058550e+03
   1.1310907e-02   1.0059430e+03
   1.1413121e-02   1.0060318e+03
   1.1516259e-02   1.0061214e+03
   1.1620329e-02   1.0062118e+03
   1.1725339e-02   1.0063030e+03
   1.1831298e-02   1.0063950e+03
   1.1938215e-02   1.0064878e+03
   1.2046098e-02   1.0065815e+03
   1.2154956e-02   1.0066760e+03
   1.2264798e-02   1.0067714e+03
   1.2375632e-02   1.0068676e+03
   1.2487468e-02   1.0069647e+03
   1.2600315e-02   1.0070627e+03
   1.2714181e-02   1.0071615e+03
   1.2829076e-02   1.0072613e+03
   1.2945010e-02   1.0073619e+03
   1.3061991e-02   1.0074635e+03
   1.3180029e-02   1.0075659e+03
   1.3299134e-02   1.0076693e+03
   1.3419316e-02   1.0077736e+03
   1.3540583e-02   1.0078788e+03
   1.3662946e-02   1.0079850e+03
   1.3786415e-02   1.0080922e+03
   1.3911000e-02   1.0082003e+03
   1.4036711e-02   1.0083093e+03
   1.4163557e-02   1.0084194e+03
   1.4291550e-02   1.0085304e+03
   1.4420700e-02   1.0086425e+03
   1.4551017e-02   1.0087555e+03
   1.4682511e-02   1.0088696e+03
   1.4815194e-02   1.0089847e+03
   1.4949075e-02   1.0091008e+03
   1.5084167e-02   1.0092180e+03
   1.5220479e-02   1.0093362e+03
   1.5358023e-02   1.0094555e+03
   1.5496810e-02   1.0095758e+03
   1.5636852e-02   1.0096972e+03
   1.5778158e-02   1.0098198e+03
   1.5920742e-02   1.0099434e+03
   1.6064614e-02   1.0100681e+03
   1.6209787e-02   1.0101940e+03
   1.6356271e-02   1.0103210e+03
   1.6504079e-02   1.0104491e+03
   1.6653223e-02   1.0105784e+03
   1.6803714e-02   1.0107088e+03
   1.6955566e-02   1.0108404e+03
   1.7108790e-02   1.0109732e+03
   1.7263398e-02   1.0111072e+03
   1.7419404e-02   1.0112423e+03
   1.7576819e-02   1.0113787e+03
   1.7735657e-02   1.0115164e+03
   1.7895930e-02   1.0116552e+03
   1.8057652e-02   1.0117953e+03
   1.8220835e-02   1.0119367e+03
   1.8385492e-02   1.0120793e+03
   1.8551638e-02   1.0122232e+03
   1.8719285e-02   1.0123684e+03
   1.8888447e-02   1.0125149e+03
   1.9059138e-02   1.0126627e+03
   1.9231371e-02   1.0128118e+03
   1.9405161e-02   1.0129623e+03
   1.9580521e-02   1.0131141e+03
   1.9757466e-02   1.0132673e+03
   1.9936010e-02   1.0134219e+03
   2.0116167e-02   1.0135778e+03
   2.0297952e-02   1.0137351e+03
   2.0481380e-02   1.0138939e+03
   2.0666466e-02   1.0140541e+03
   2.0853225e-02   1.0142157e+03
   2.1041671e-02   1.0143787e+03
   2.1231819e-02   1.0145432e+03
   2.1423687e-02   1.0147092e+03
   2.1617288e-02   1.0148767e+03
   2.1812639e-02   1.0150457e+03
   2.2009755e-02   1.0152162e+03
   2.2208652e-02   1.0153882e+03
   2.2409347e-02   1.0155618e+03
   2.2611855e-02   1.0157369e+03
   2.2816193e-02   1.0159136e+03
   2.3022378e-02   1.0160918e+03
   2.3230426e-02   1.0162717e+03
   2.3440355e-02   1.0164532e+03
   2.3652180e-02   1.0166363e+03
   2.3865920e-02   1.0168210e+03
   2.4081591e-02   1.0170074e+03
   2.4299211e-02   1.0171955e+03
   2.4518797e-02   1.0173852e+03
   2.4740368e-02   1.0175766e+03
   2.4963942e-02   1.0177698e+03
   2.5189535e-02   1.0179647e+03
   2.5417168e-02   1.0181613e+03
   2.5646857e-02   1.0183597e+03
   2.5878622e-02   1.0185599e+03
   2.6112481e-02   1.0187618e+03
   2.6348454e-02   1.0189656e+03
   2.6586559e-02   1.0191711e+03
   2.6826816e-02   1.0193785e+03
   2.7069244e-02   1.0195878e+03
   2.7313863e-02   1.0197990e+03
   2.7560693e-02   1.0200120e+03
   2.7809752e-02   1.0202269e+03
   2.8061063e-02   1.0204438e+03
   2.8314645e-02   1.0206626e+03
   2.8570518e-02   1.0208833e+03
   2.8828703e-02   1.0211060e+03
   2.9089222e-02   1.0213307e+03
   2.9352095e-02   1.0215574e+03
   2.9617343e-02   1.0217862e+03
   2.9884989e-02   1.0220170e+03
   3.0155053e-02   1.0222498e+03
   3.0427558e-02   1.0224847e+03
   3.0702525e-02   1.0227217e+03
   3.0979977e-02   1.0229609e+03
   3.1259936e-02   1.0232021e+03
   3.1542425e-02   1.0234456e+03
   3.1827467e-02   1.0236911e+03
   3.2115085e-02   1.0239389e+03
   3.2405302e-02   1.0241889e+03
   3.2698141e-02   1.0244411e+03
   3.2993627e-02   1.0246956e+03
   3.3291784e-02   1.0249524e+03
   3.3592634e-02   1.0252114e+03
   3.3896203e-02   1.0254727e+03
   3.4202516e-02   1.0257364e+03
   3.4511597e-02   1.0260024e+03
   3.4823470e-02   1.0262708e+03
   3.5138162e-02   1.0265416e+03
   3.5455698e-02   1.0268148e+03
   3.5776104e-02   1.0270905e+03
   3.6099404e-02   1.0273685e+03
   3.6425627e-02   1.0276491e+03
   3.6754797e-02   1.0279322e+03
   3.7086942e-02   1.0282178e+03
   3.7422089e-02   1.0285059e+03
   3.7760264e-02   1.0287966e+03
   3.8101495e-02   1.0290899e+03
   3.8445810e-02   1.0293857e+03
   3.8793236e-02   1.0296843e+03
   3.9143802e-02   1.0299854e+03
   3.9497536e-02   1.0302893e+03
   3.9854467e-02   1.0305959e+03
   4.0214623e-02   1.0309052e+03
   4.0578033e-02   1.0312172e+03
   4.0944728e-02   1.0315320e+03
   4.1314737e-02   1.0318496e+03
   4.1688089e-02   1.0321700e+03
   4.2064815e-02   1.0324933e+03
   4.2444946e-02   1.0328195e+03
   4.2828511e-02   1.0331485e+03
   4.3215543e-02   1.0334805e+03
   4.3606072e-02   1.0338154e+03
   4.4000131e-02   1.0341533e+03
   4.4397750e-02   1.0344942e+03
   4.4798963e-02   1.0348382e+03
   4.5203802e-02   1.0351851e+03
   4.5612298e-02   1.0355352e+03
   4.6024487e-02   1.0358883e+03
   4.6440400e-02   1.0362446e+03
   4.6860072e-02   1.0366041e+03
   4.7283536e-02   1.0369667e+03
   4.7710827e-02   1.0373326e+03
   4.8141979e-02   1.0377017e+03
   4.8577027e-02   1.0380741e+03
   4.9016007e-02   1.0384497e+03
   4.9458954e-02   1.0388287e+03
   4.9905904e-02   1.0392111e+03
   5.0356893e-02   1.0395968e+03
   5.0811957e-02   1.0399860e+03
   5.1271133e-02   1.0403786e+03
   5.1734459e-02   1.0407747e+03
   5.2201972e-02   1.0411743e+03
   5.2673710e-02   1.0415774e+03
   5.3149711e-02   1.0419841e+03
   5.3630013e-02   1.0423944e+03
   5.4114656e-02   1.0428083e+03
   5.4603678e-02   1.0432259e+03
   5.5097119e-02   1.0436472e+03
   5.5595020e-02   1.0440722e+03
   5.6097420e-02   1.0445009e+03
   5.6604360e-02   1.0449334e+03
   5.7115881e-02   1.0453698e+03
   5.7632025e-02   1.0458100e+03
   5.8152833e-02   1.0462541e+03
   5.8678347e-02   1.0467021e+03
   5.9208611e-02   1.0471541e+03
   5.9743666e-02   1.0476101e+03
   6.0283556e-02   1.0480700e+03
   6.0828325e-02   1.0485341e+03
   6.1378018e-02   1.0490022e+03
   6.1932677e-02   1.0494745e+03
   6.2492349e-02   1.0499509e+03
   6.3057079e-02   1.0504315e+03
   6.3626912e-02   1.0509164e+03
   6.4201894e-02   1.0514055e+03
   6.4782073e-02   1.0518989e+03
   6.5367494e-02   1.0523967e+03
   6.5958206e-02   1.0528989e+03
   6.6554256e-02   1.0534054e+03
   6.7155692e-02   1.0539165e+03
   6.7762563e-02   1.0544320e+03
   6.8374918e-02   1.0549521e+03
   6.8992808e-02   1.0554767e+03
   6.9616280e-02   1.0560060e+03
   7.0245387e-02   1.0565399e+03
   7.0880180e-02   1.0570784e+03
   7.1520708e-02   1.0576218e+03
   7.2167025e-02   1.0581698e+03
   7.2819183e-02   1.0587227e+03
   7.3477234e-02   1.0592805e+03
   7.4141231e-02   1.0598431e+03
   7.4811229e-02   1.0604107e+03
   7.5487282e-02   1.0609833e+03
   7.6169444e-02   1.0615608e+03
   7.6857770e-02   1.0621435e+03
   7.7552317e-02   1.0627312e+03
   7.8253140e-02   1.0633241e+03
   7.8960297e-02   1.0639221e+03
   7.9673844e-02   1.0645255e+03
   8.0393839e-02   1.0651340e+03
   8.1120340e-02   1.0657480e+03
   8.1853407e-02   1.0663672e+03
   8.2593098e-02   1.0669919e+03
   8.3339474e-02   1.0676221e+03
   8.4092594e-02   1.0682578e+03
   8.4852521e-02   1.0688990e+03
   8.5619314e-02   1.0695458e+03
   8.6393037e-02   1.0701982e+03
   8.7173752e-02   1.0708564e+03
   8.7961522e-02   1.0715203e+03
   8.8756411e-02   1.0721900e+03
   8.9558483e-02   1.0728655e+03
   9.0367804e-02   1.0735469e+03
   9.1184438e-02   1.0742343e+03
   9.2008452e-02   1.0749276e+03
   9.2839912e-02   1.0756270e+03
   9.3678886e-02   1.0763324e+03
   9.4525441e-02   1.0770440e+03
   9.5379647e-02   1.0777618e+03
   9.6241572e-02   1.0784858e+03
   9.7111286e-02   1.0792161e+03
   9.7988859e-02   1.0799528e+03
   9.8874363e-02   1.0806958e+03
   9.9767869e-02   1.0814453e+03
   1.0066945e-01   1.0822014e+03
   1.0157918e-01   1.0829639e+03
   1.0249713e-01   1.0837331e+03
   1.0342337e-01   1.0845090e+03
   1.0435798e-01   1.0852915e+03
   1.0530104e-01   1.0860809e+03
   1.0625263e-01   1.0868771e+03
   1.0721281e-01   1.0876802e+03
   1.0818167e-01   1.0884902e+03
   1.0915928e-01   1.0893072e+03
   1.1014573e-01   1.0901313e+03
   1.1114109e-01   1.0909625e+03
   1.1214545e-01   1.0918009e+03
   1.1315888e-01   1.0926465e+03
   1.1418148e-01   1.0934995e+03
   1.1521331e-01   1.0943598e+03
   1.1625447e-01   1.0952275e+03
   1.1730503e-01   1.0961027e+03
   1.1836509e-01   1.0969854e+03
   1.1943473e-01   1.0978757e+03
   1.2051404e-01   1.0987737e+03
   1.2160309e-01   1.0996794e+03
   1.2270200e-01   1.1005929e+03
   1.2381083e-01   1.1015143e+03
   1.2492968e-01   1.1024436e+03
   1.2605864e-01   1.1033808e+03
   1.2719780e-01   1.1043261e+03
   1.2834726e-01   1.1052795e+03
   1.2950711e-01   1.1062411e+03
   1.3067744e-01   1.1072110e+03
   1.3185834e-01   1.1081891e+03
   1.3304991e-01   1.1091756e+03
   1.3425226e-01   1.1101706e+03
   1.3546546e-01   1.1111740e+03
   1.3668964e-01   1.1121861e+03
   1.3792487e-01   1.1132068e+03
   1.3917127e-01   1.1142362e+03
   1.4042893e-01   1.1152744e+03
   1.4169795e-01   1.1163215e+03
   1.4297845e-01   1.1173775e+03
   1.4427051e-01   1.1184424e+03
   1.4557425e-01   1.1195165e+03
   1.4688977e-01   1.1205997e+03
   1.4821719e-01   1.1216921e+03
   1.4955659e-01   1.1227939e+03
   1.5090810e-01   1.1239049e+03
   1.5227182e-01   1.1250255e+03
   1.5364787e-01   1.1261555e+03
   1.5503635e-01   1.1272951e+03
   1.5643738e-01   1.1284444e+03
   1.5785107e-01   1.1296034e+03
   1.5927754e-01   1.1307722e+03
   1.6071690e-01   1.1319510e+03
   1.6216926e-01   1.1331397e+03
   1.6363475e-01   1.1343384e+03
   1.6511348e-01   1.1355473e+03
   1.6660557e-01   1.1367664e+03
   1.6811115e-01   1.1379958e+03
   1.6963033e-01   1.1392355e+03
   1.7116325e-01   1.1404857e+03
   1.7271001e-01   1.1417464e+03
   1.7427075e-01   1.1430178e+03
   1.7584560e-01   1.1442998e+03
   1.7743468e-01   1.1455926e+03
   1.7903812e-01   1.1468962e+03
   1.8065604e-01   1.1482108e+03
   1.8228859e-01   1.1495365e+03
   1.8393589e-01   1.1508732e+03
   1.8559808e-01   1.1522211e+03
   1.8727529e-01   1.1535803e+03
   1.8896766e-01   1.1549509e+03
   1.9067532e-01   1.1563330e+03
   1.9239841e-01   1.1577265e+03
   1.9413707e-01   1.1591318e+03
   1.9589144e-01   1.1605487e+03
   1.9766167e-01   1.1619774e+03
   1.9944790e-01   1.1634181e+03
   2.0125026e-01   1.1648707e+03
   2.0306892e-01   1.1663354e+03
   2.0490401e-01   1.1678123e+03
   2.0675568e-01   1.1693014e+03
   2.0862409e-01   1.1708029e+03
   2.1050938e-01   1.1723168e+03
   2.1241170e-01   1.1738432e+03
   2.1433122e-01   1.1753823e+03
   2.1626809e-01   1.1769341e+03
   2.1822245e-01   1.1784987e+03
   2.2019448e-01   1.1800763e+03
   2.2218433e-01   1.1816668e+03
   2.2419216e-01   1.1832705e+03
   2.2621814e-01   1.1848873e+03
   2.2826242e-01   1.1865175e+03
   2.3032518e-01   1.1881610e+03
   2.3240658e-01   1.1898181e+03
   2.3450678e-01   1.1914887e+03
   2.3662597e-01   1.1931730e+03
   2.3876431e-01   1.1948711e+03
   2.4092197e-01   1.1965831e+03
   2.4309913e-01   1.1983091e+03
   2.4529596e-01   1.2000492e+03
   2.4751264e-01   1.2018034e+03
   2.4974936e-01   1.2035720e+03
   2.5200629e-01   1.2053549e+03
   2.5428362e-01   1.2071524e+03
   2.5658152e-01   1.2089644e+03
   2.5890019e-01   1.2107912e+03
   2.6123982e-01   1.2126328e+03
   2.6360058e-01   1.2144892e+03
   2.6598268e-01   1.2163607e+03
   2.6838631e-01   1.2182474e+03
   2.7081166e-01   1.2201492e+03
   2.7325893e-01   1.2220664e+03
   2.7572831e-01   1.2239990e+03
   2.7822000e-01   1.2259472e+03
   2.8073422e-01   1.2279111e+03
   2.8327115e-01   1.2298907e+03
   2.8583101e-01   1.2318862e+03
   2.8841400e-01   1.2338976e+03
   2.9102033e-01   1.2359252e+03
   2.9365022e-01   1.2379690e+03
   2.9630387e-01   1.2400290e+03
   2.9898151e-01   1.2421056e+03
   3.0168334e-01   1.2441986e+03
   3.0440958e-01   1.2463083e+03
   3.0716047e-01   1.2484347e+03
   3.0993621e-01   1.2505780e+03
   3.1273703e-01   1.2527383e+03
   3.1556317e-01   1.2549157e+03
   3.1841484e-01   1.2571103e+03
   3.2129229e-01   1.2593222e+03
   3.2419574e-01   1.2615516e+03
   3.2712542e-01   1.2637985e+03
   3.3008158e-01   1.2660631e+03
   3.3306446e-01   1.2683454e+03
   3.3607429e-01   1.2706457e+03
   3.3911132e-01   1.2729640e+03
   3.4217579e-01   1.2753003e+03
   3.4526796e-01   1.2776550e+03
   3.4838807e-01   1.2800280e+03
   3.5153638e-01   1.2824194e+03
   3.5471313e-01   1.2848295e+03
   3.5791860e-01   1.2872582e+03
   3.6115303e-01   1.2897058e+03
   3.6441669e-01   1.2921724e+03
   3.6770984e-01   1.2946580e+03
   3.7103276e-01   1.2971627e+03
   3.7438570e-01   1.2996868e+03
   3.7776894e-01   1.3022303e+03
   3.8118276e-01   1.3047933e+03
   3.8462742e-01   1.3073760e+03
   3.8810321e-01   1.3099784e+03
   3.9161042e-01   1.3126008e+03
   3.9514931e-01   1.3152431e+03
   3.9872019e-01   1.3179056e+03
   4.0232334e-01   1.3205883e+03
   4.0595905e-01   1.3232914e+03
   4.0962761e-01   1.3260150e+03
   4.1332932e-01   1.3287592e+03
   4.1706449e-01   1.3315241e+03
   4.2083341e-01   1.3343098e+03
   4.2463639e-01   1.3371166e+03
   4.2847374e-01   1.3399444e+03
   4.3234576e-01   1.3427934e+03
   4.3625277e-01   1.3456637e+03
   4.4019509e-01   1.3485555e+03
   4.4417304e-01   1.3514688e+03
   4.4818693e-01   1.3544038e+03
   4.5223710e-01   1.3573606e+03
   4.5632387e-01   1.3603393e+03
   4.6044757e-01   1.3633401e+03
   4.6460853e-01   1.3663630e+03
   4.6880709e-01   1.3694082e+03
   4.7304360e-01   1.3724758e+03
   4.7731839e-01   1.3755659e+03
   4.8163181e-01   1.3786787e+03
   4.8598422e-01   1.3818141e+03
   4.9037595e-01   1.3849725e+03
   4.9480737e-01   1.3881538e+03
   4.9927883e-01   1.3913582e+03
   5.0379071e-01   1.3945858e+03
   5.0834335e-01   1.3978368e+03
   5.1293714e-01   1.4011112e+03
   5.1757244e-01   1.4044092e+03
   5.2224963e-01   1.4077308e+03
   5.2696908e-01   1.4110762e+03
   5.3173119e-01   1.4144456e+03
   5.3653633e-01   1.4178389e+03
   5.4138489e-01   1.4212564e+03
   5.4627726e-01   1.4246981e+03
   5.5121385e-01   1.4281642e+03
   5.5619505e-01   1.4316547e+03
   5.6122126e-01   1.4351698e+03
   5.6629289e-01   1.4387096e+03
   5.7141036e-01   1.4422742e+03
   5.7657407e-01   1.4458637e+03
   5.8178444e-01   1.4494781e+03
   5.8704190e-01   1.4531177e+03
   5.9234687e-01   1.4567826e+03
   5.9769978e-01   1.4604727e+03
   6.0310106e-01   1.4641883e+03
   6.0855115e-01   1.4679294e+03
   6.1405049e-01   1.4716961e+03
   6.1959953e-01   1.4754886e+03
   6.2519872e-01   1.4793069e+03
   6.3084850e-01   1.4831512e+03
   6.3654934e-01   1.4870215e+03
   6.4230170e-01   1.4909179e+03
   6.4810604e-01   1.4948405e+03
   6.5396283e-01   1.4987895e+03
   6.5987255e-01   1.5027649e+03
   6.6583567e-01   1.5067668e+03
   6.7185268e-01   1.5107953e+03
   6.7792407e-01   1.5148505e+03
   6.8405032e-01   1.5189324e+03
   6.9023193e-01   1.5230413e+03
   6.9646940e-01   1.5271770e+03
   7.0276325e-01   1.5313398e+03
   7.0911396e-01   1.5355298e+03
   7.1552207e-01   1.5397469e+03
   7.2198809e-01   1.5439913e+03
   7.2851253e-01   1.5482631e+03
   7.3509594e-01   1.5525623e+03
   7.4173884e-01   1.5568890e+03
   7.4844177e-01   1.5612433e+03
   7.5520528e-01   1.5656253e+03
   7.6202990e-01   1.5700349e+03
   7.6891620e-01   1.5744724e+03
   7.7586472e-01   1.5789377e+03
   7.8287604e-01   1.5834309e+03
   7.8995072e-01   1.5879521e+03
   7.9708933e-01   1.5925014e+03
   8.0429246e-01   1.5970788e+03
   8.1156067e-01   1.6016843e+03
   8.1889457e-01   1.6063180e+03
   8.2629474e-01   1.6109800e+03
   8.3376178e-01   1.6156702e+03
   8.4129630e-01   1.6203889e+03
   8.4889891e-01   1.6251359e+03
   8.5657022e-01   1.6299114e+03
   8.6431086e-01   1.6347153e+03
   8.7212145e-01   1.6395478e+03
   8.8000262e-01   1.6444088e+03
   8.8795501e-01   1.6492983e+03
   8.9597926e-01   1.6542165e+03
   9.0407603e-01   1.6591634e+03
   9.1224597e-01   1.6641389e+03
   9.2048973e-01   1.6691430e+03
   9.2880800e-01   1.6741759e+03
   9.3720143e-01   1.6792374e+03
   9.4567072e-01   1.6843277e+03
   9.5421653e-01   1.6894468e+03
   9.6283958e-01   1.6945945e+03
   9.7154055e-01   1.6997710e+03
   9.8032015e-01   1.7049762e+03
   9.8917909e-01   1.7102102e+03
   9.9811808e-01   1.7154729e+03
   1.0071379e+00   1.7207643e+03
   1.0162391e+00   1.7260844e+03
   1.0254227e+00   1.7314332e+03
   1.0346892e+00   1.7368106e+03
   1.0440394e+00   1.7422167e+03
   1.0534742e+00   1.7476514e+03
   1.0629942e+00   1.7531147e+03
   1.0726003e+00   1.7586065e+03
   1.0822931e+00   1.7641268e+03
   1.0920736e+00   1.7696756e+03
   1.1019424e+00   1.7752527e+03
   1.1119004e+00   1.7808583e+03
   1.1219484e+00   1.7864921e+03
   1.1320872e+00   1.7921542e+03
   1.1423176e+00   1.7978444e+03
   1.1526405e+00   1.8035628e+03
   1.1630567e+00   1.8093092e+03
   1.1735669e+00   1.8150836e+03
   1.1841722e+00   1.8208858e+03
   1.1948733e+00   1.8267159e+03
   1.2056711e+00   1.8325736e+03
   1.2165665e+00   1.8384590e+03
   1.2275604e+00   1.8443718e+03
   1.2386535e+00   1.8503121e+03
   1.2498470e+00   1.8562797e+03
   1.2611416e+00   1.8622744e+03
   1.2725382e+00   1.8682962e+03
   1.2840379e+00   1.8743450e+03
   1.2956415e+00   1.8804206e+03
   1.3073499e+00   1.8865228e+03
   1.3191641e+00   1.8926516e+03
   1.3310851e+00   1.8988068e+03
   1.3431138e+00   1.9049882e+03
   1.3552513e+00   1.9111958e+03
   1.3674984e+00   1.9174293e+03
   1.3798562e+00   1.9236885e+03
   1.3923256e+00   1.9299734e+03
   1.4049077e+00   1.9362836e+03
   1.4176036e+00   1.9426192e+03
   1.4304142e+00   1.9489797e+03
   1.4433405e+00   1.9553652e+03
   1.4563837e+00   1.9617753e+03
   1.4695447e+00   1.9682099e+03
   1.4828246e+00   1.9746687e+03
   1.4962246e+00   1.9811516e+03
   1.5097456e+00   1.9876583e+03
   1.5233889e+00   1.9941886e+03
   1.5371554e+00   2.0007422e+03
   1.5510463e+00   2.0073190e+03
   1.5650628e+00   2.0139187e+03
   1.5792059e+00   2.0205409e+03
   1.5934769e+00   2.0271856e+03
   1.6078768e+00   2.0338523e+03
   1.6224068e+00   2.0405409e+03
   1.6370681e+00   2.0472510e+03
   1.6518620e+00   2.0539824e+03
   1.6667895e+00   2.0607349e+03
   1.6818519e+00   2.0675079e+03
   1.6970504e+00   2.0743014e+03
   1.7123863e+00   2.0811150e+03
   1.7278607e+00   2.0879484e+03
   1.7434750e+00   2.0948012e+03
   1.7592304e+00   2.1016731e+03
   1.7751282e+00   2.1085638e+03
   1.7911697e+00   2.1154730e+03
   1.8073561e+00   2.1224003e+03
   1.8236888e+00   2.1293453e+03
   1.8401690e+00   2.1363077e+03
   1.8567982e+00   2.1432871e+03
   1.8735777e+00   2.1502832e+03
   1.8905088e+00   2.1572956e+03
   1.9075929e+00   2.1643239e+03
   1.9248314e+00   2.1713676e+03
   1.9422257e+00   2.1784265e+03
   1.9597772e+00   2.1855001e+03
   1.9774873e+00   2.1925879e+03
   1.9953574e+00   2.1996896e+03
   2.0133890e+00   2.2068047e+03
   2.0315835e+00   2.2139328e+03
   2.0499425e+00   2.2210735e+03
   2.0684674e+00   2.2282263e+03
   2.0871597e+00   2.2353908e+03
   2.1060209e+00   2.2425664e+03
   2.1250525e+00   2.2497529e+03
   2.1442562e+00   2.2569495e+03
   2.1636333e+00   2.2641560e+03
   2.1831856e+00   2.2713718e+03
   2.2029146e+00   2.2785964e+03
   2.2228218e+00   2.2858293e+03
   2.2429090e+00   2.2930700e+03
   2.2631777e+00   2.3003181e+03
   2.2836295e+00   2.3075729e+03
   2.3042662e+00   2.3148340e+03
   2.3250893e+00   2.3221008e+03
   2.3461006e+00   2.3293728e+03
   2.3673018e+00   2.3366495e+03
   2.3886946e+00   2.3439303e+03
   2.4102807e+00   2.3512147e+03
   2.4320619e+00   2.3585020e+03
   2.4540399e+00   2.3657918e+03
   2.4762165e+00   2.3730835e+03
   2.4985936e+00   2.3803765e+03
   2.5211728e+00   2.3876701e+03
   2.5439561e+00   2.3949639e+03
   2.5669452e+00   2.4022573e+03
   2.5901422e+00   2.4095496e+03
   2.6135487e+00   2.4168402e+03
   2.6371668e+00   2.4241285e+03
   2.6609983e+00   2.4314139e+03
   2.6850451e+00   2.4386959e+03
   2.7093093e+00   2.4459737e+03
   2.7337927e+00   2.4532468e+03
   2.7584974e+00   2.4605145e+03
   2.7834254e+00   2.4677762e+03
   2.8085786e+00   2.4750312e+03
   2.8339591e+00   2.4822789e+03
   2.8595689e+00   2.4895187e+03
   2.8854102e+00   2.4967499e+03
   2.9114850e+00   2.5039718e+03
   2.9377955e+00   2.5111839e+03
   2.9643437e+00   2.5183853e+03
   2.9911318e+00   2.5255756e+03
   3.0181620e+00   2.5327539e+03
   3.0454365e+00   2.5399196e+03
   3.0729574e+00   2.5470721e+03
   3.1007271e+00   2.5542107e+03
   3.1287477e+00   2.5613347e+03
   3.1570215e+00   2.5684435e+03
   3.1855508e+00   2.5755362e+03
   3.2143379e+00   2.5826124e+03
   3.2433852e+00   2.5896712e+03
   3.2726949e+00   2.5967119e+03
   3.3022696e+00   2.6037340e+03
   3.3321114e+00   2.6107367e+03
   3.3622230e+00   2.6177194e+03
   3.3926067e+00   2.6246812e+03
   3.4232649e+00   2.6316216e+03
   3.4542002e+00   2.6385399e+03
   3.4854151e+00   2.6454353e+03
   3.5169120e+00   2.6523073e+03
   3.5486935e+00   2.6591550e+03
   3.5807623e+00   2.6659778e+03
   3.6131209e+00   2.6727750e+03
   3.6457719e+00   2.6795460e+03
   3.6787179e+00   2.6862900e+03
   3.7119617e+00   2.6930064e+03
   3.7455058e+00   2.6996945e+03
   3.7793532e+00   2.7063536e+03
   3.8135063e+00   2.7129830e+03
   3.8479682e+00   2.7195821e+03
   3.8827414e+00   2.7261502e+03
   3.9178289e+00   2.7326867e+03
   3.9532334e+00   2.7391908e+03
   3.9889579e+00   2.7456620e+03
   4.0250053e+00   2.7520995e+03
   4.0613784e+00   2.7585028e+03
   4.0980802e+00   2.7648711e+03
   4.1351136e+00   2.7712039e+03
   4.1724817e+00   2.7775005e+03
   4.2101875e+00   2.7837603e+03
   4.2482341e+00   2.7899826e+03
   4.2866244e+00   2.7961669e+03
   4.3253617e+00   2.8023126e+03
   4.3644490e+00   2.8084190e+03
   4.4038896e+00   2.8144855e+03
   4.4436866e+00   2.8205116e+03
   4.4838432e+00   2.8264967e+03
   4.5243627e+00   2.8324402e+03
   4.5652484e+00   2.8383415e+03
   4.6065035e+00   2.8442002e+03
   4.6481315e+00   2.8500156e+03
   4.6901356e+00   2.8557872e+03
   4.7325194e+00   2.8615145e+03
   4.7752861e+00   2.8671970e+03
   4.8184393e+00   2.8728341e+03
   4.8619825e+00   2.8784254e+03
   4.9059192e+00   2.8839704e+03
   4.9502529e+00   2.8894686e+03
   4.9949872e+00   2.8949195e+03
   5.0401258e+00   2.9003227e+03
   5.0856723e+00   2.9056777e+03
   5.1316304e+00   2.9109841e+03
   5.1780039e+00   2.9162415e+03
   5.2247964e+00   2.9214495e+03
   5.2720117e+00   2.9266077e+03
   5.3196537e+00   2.9317157e+03
   5.3677262e+00   2.9367731e+03
   5.4162332e+00   2.9417796e+03
   5.4651785e+00   2.9467348e+03
   5.5145661e+00   2.9516385e+03
   5.5644001e+00   2.9564902e+03
   5.6146843e+00   2.9612897e+03
   5.6654230e+00   2.9660367e+03
   5.7166202e+00   2.9707309e+03
   5.7682800e+00   2.9753720e+03
   5.8204067e+00   2.9799599e+03
   5.8730044e+00   2.9844943e+03
   5.9260775e+00   2.9889749e+03
   5.9796301e+00   2.9934017e+03
   6.0336667e+00   2.9977743e+03
   6.0881917e+00   3.0020926e+03
   6.1432093e+00   3.0063565e+03
   6.1987241e+00   3.0105658e+03
   6.2547407e+00   3.0147204e+03
   6.3112634e+00   3.0188202e+03
   6.3682969e+00   3.0228651e+03
   6.4258458e+00   3.0268550e+03
   6.4839147e+00   3.0307899e+03
   6.5425084e+00   3.0346698e+03
   6.6016317e+00   3.0384945e+03
   6.6612892e+00   3.0422641e+03
   6.7214858e+00   3.0459786e+03
   6.7822264e+00   3.0496380e+03
   6.8435158e+00   3.0532424e+03
   6.9053592e+00   3.0567917e+03
   6.9677614e+00   3.0602862e+03
   7.0307275e+00   3.0637258e+03
   7.0942627e+00   3.0671106e+03
   7.1583720e+00   3.0704408e+03
   7.2230606e+00   3.0737166e+03
   7.2883338e+00   3.0769380e+03
   7.3541969e+00   3.0801052e+03
   7.4206552e+00   3.0832184e+03
   7.4877140e+00   3.0862779e+03
   7.5553788e+00   3.0892837e+03
   7.6236551e+00   3.0922362e+03
   7.6925484e+00   3.0951356e+03
   7.7620643e+00   3.0979821e+03
   7.8322083e+00   3.1007760e+03
   7.9029863e+00   3.1035176e+03
   7.9744038e+00   3.1062072e+03
   8.0464668e+00   3.1088452e+03
   8.1191809e+00   3.1114317e+03
   8.1925522e+00   3.1139673e+03
   8.2665865e+00   3.1164522e+03
   8.3412898e+00   3.1188868e+03
   8.4166682e+00   3.1212715e+03
   8.4927278e+00   3.1236067e+03
   8.5694747e+00   3.1258929e+03
   8.6469152e+00   3.1281303e+03
   8.7250554e+00   3.1303195e+03
   8.8039019e+00   3.1324609e+03
   8.8834608e+00   3.1345549e+03
   8.9637387e+00   3.1366021e+03
   9.0447420e+00   3.1386028e+03
   9.1264774e+00   3.1405577e+03
   9.2089513e+00   3.1424671e+03
   9.2921706e+00   3.1443316e+03
   9.3761419e+00   3.1461518e+03
   9.4608720e+00   3.1479280e+03
   9.5463679e+00   3.1496610e+03
   9.6326363e+00   3.1513511e+03
   9.7196843e+00   3.1529990e+03
   9.8075190e+00   3.1546052e+03
   9.8961474e+00   3.1561704e+03
   9.9855767e+00   3.1576949e+03
   1.0075814e+01   3.1591795e+03
   1.0166867e+01   3.1606247e+03
   1.0258743e+01   3.1620311e+03
   1.0351449e+01   3.1633993e+03
   1.0444993e+01   3.1647299e+03
   1.0539382e+01   3.1660236e+03
   1.0634624e+01   3.1672808e+03
   1.0730727e+01   3.1685022e+03
   1.0827698e+01   3.1696884e+03
   1.0925545e+01   3.1708401e+03
   1.1024277e+01   3.1719579e+03
   1.1123901e+01   3.1730423e+03
   1.1224425e+01   3.1740940e+03
   1.1325858e+01   3.1751137e+03
   1.1428207e+01   3.1761019e+03
   1.1531481e+01   3.1770592e+03
   1.1635689e+01   3.1779863e+03
   1.1740838e+01   3.1788839e+03
   1.1846937e+01   3.1797524e+03
   1.1953996e+01   3.1805926e+03
   1.2062021e+01   3.1814051e+03
   1.2171023e+01   3.1821904e+03
   1.2281010e+01   3.1829493e+03
   1.2391991e+01   3.1836822e+03
   1.2503974e+01   3.1843898e+03
   1.2616970e+01   3.1850727e+03
   1.2730987e+01   3.1857315e+03
   1.2846034e+01   3.1863667e+03
   1.2962121e+01   3.1869791e+03
   1.3079257e+01   3.1875691e+03
   1.3197451e+01   3.1881374e+03
   1.3316713e+01   3.1886844e+03
   1.3437054e+01   3.1892109e+03
   1.3558481e+01   3.1897172e+03
   1.3681006e+01   3.1902041e+03
   1.3804639e+01   3.1906720e+03
   1.3929388e+01   3.1911215e+03
   1.4055265e+01   3.1915531e+03
   1.4182279e+01   3.1919673e+03
   1.4310441e+01   3.1923647e+03
   1.4439762e+01   3.1927457e+03
   1.4570251e+01   3.1931110e+03
   1.4701919e+01   3.1934608e+03
   1.4834777e+01   3.1937959e+03
   1.4968835e+01   3.1941166e+03
   1.5104106e+01   3.1944233e+03
   1.5240598e+01   3.1947167e+03
   1.5378324e+01   3.1949970e+03
   1.5517294e+01   3.1952648e+03
   1.5657521e+01   3.1955205e+03
   1.5799014e+01   3.1957645e+03
   1.5941787e+01   3.1959973e+03
   1.6085849e+01   3.1962192e+03
   1.6231213e+01   3.1964306e+03
   1.6377891e+01   3.1966320e+03
   1.6525895e+01   3.1968236e+03
   1.6675236e+01   3.1970060e+03
   1.6825926e+01   3.1971794e+03
   1.6977978e+01   3.1973442e+03
   1.7131404e+01   3.1975007e+03
   1.7286217e+01   3.1976492e+03
   1.7442429e+01   3.1977902e+03
   1.7600052e+01   3.1979239e+03
   1.7759100e+01   3.1980506e+03
   1.7919585e+01   3.1981706e+03
   1.8081521e+01   3.1982842e+03
   1.8244919e+01   3.1983917e+03
   1.8409795e+01   3.1984933e+03
   1.8576160e+01   3.1985893e+03
   1.8744029e+01   3.1986800e+03
   1.8913414e+01   3.1987656e+03
   1.9084331e+01   3.1988464e+03
   1.9256792e+01   3.1989225e+03
   1.9430811e+01   3.1989942e+03
   1.9606403e+01   3.1990618e+03
   1.9783582e+01   3.1991253e+03
   1.9962362e+01   3.1991851e+03
   2.0142757e+01   3.1992413e+03
   2.0324783e+01   3.1992940e+03
   2.0508453e+01   3.1993435e+03
   2.0693784e+01   3.1993900e+03
   2.0880789e+01   3.1994335e+03
   2.1069484e+01   3.1994743e+03
   2.1259884e+01   3.1995124e+03
   2.1452005e+01   3.1995482e+03
   2.1645862e+01   3.1995815e+03
   2.1841471e+01   3.1996127e+03
   2.2038848e+01   3.1996418e+03
   2.2238008e+01   3.1996690e+03
   2.2438968e+01   3.1996943e+03
   2.2641744e+01   3.1997179e+03
   2.2846352e+01   3.1997398e+03
   2.3052810e+01   3.1997602e+03
   2.3261133e+01   3.1997792e+03
   2.3471339e+01   3.1997969e+03
   2.3683444e+01   3.1998132e+03
   2.3897466e+01   3.1998284e+03
   2.4113422e+01   3.1998424e+03
   2.4331330e+01   3.1998555e+03
   2.4551207e+01   3.1998675e+03
   2.4773071e+01   3.1998787e+03
   2.4996940e+01   3.1998889e+03
   2.5222832e+01   3.1998984e+03
   2.5450765e+01   3.1999072e+03
   2.5680758e+01   3.1999153e+03
   2.5912829e+01   3.1999227e+03
   2.6146998e+01   3.1999296e+03
   2.6383282e+01   3.1999359e+03
   2.6621702e+01   3.1999416e+03
   2.6862277e+01   3.1999469e+03
   2.7105025e+01   3.1999518e+03
   2.7349967e+01   3.1999563e+03
   2.7597123e+01   3.1999603e+03
   2.7846512e+01   3.1999641e+03
   2.8098155e+01   3.1999675e+03
   2.8352072e+01   3.1999706e+03
   2.8608283e+01   3.1999734e+03
   2.8866810e+01   3.1999760e+03
   2.9127673e+01   3.1999784e+03
   2.9390893e+01   3.1999805e+03
   2.9656493e+01   3.1999824e+03
   2.9924492e+01   3.1999842e+03
   3.0194913e+01   3.1999858e+03
   3.0467778e+01   3.1999873e+03
   3.0743108e+01   3.1999886e+03
   3.1020927e+01   3.1999898e+03
   3.1301256e+01   3.1999908e+03
   3.1584119e+01   3.1999918e+03
   3.1869538e+01   3.1999927e+03
   3.2157536e+01   3.1999935e+03
   3.2448136e+01   3.1999942e+03
   3.2741363e+01   3.1999948e+03
   3.3037239e+01   3.1999954e+03
   3.3335790e+01   3.1999959e+03
   3.3637038e+01   3.1999964e+03
   3.3941008e+01   3.1999968e+03
   3.4247726e+01   3.1999971e+03
   3.4557215e+01   3.1999975e+03
   3.4869501e+01   3.1999978e+03
   3.5184609e+01   3.1999980e+03
   3.5502564e+01   3.1999983e+03
   3.5823393e+01   3.1999985e+03
