     5.000000000000000e-01     1.100000000000000e+03
     4.518390200000000e-03     1.109408851771127e+03
     4.559221900000000e-03     1.109493664722734e+03
     4.600422600000000e-03     1.109579240253875e+03
     4.641995600000000e-03     1.109665585186220e+03
     4.683944300000000e-03     1.109752706401168e+03
     4.726272100000000e-03     1.109840610841693e+03
     4.768982300000000e-03     1.109929305512287e+03
     4.812078600000000e-03     1.110018797477050e+03
     4.855564300000000e-03     1.110109093867145e+03
     4.899442900000000e-03     1.110200201873251e+03
     4.943718100000000e-03     1.110292128749261e+03
     4.988393400000000e-03     1.110384881815999e+03
     5.033472400000000e-03     1.110478468457407e+03
     5.078958800000000e-03     1.110572896122380e+03
     5.124856300000000e-03     1.110668172326590e+03
     5.171168500000000e-03     1.110764304652432e+03
     5.217899200000000e-03     1.110861300747100e+03
     5.265052200000000e-03     1.110959168326284e+03
     5.312631300000000e-03     1.111057915174116e+03
     5.360640400000000e-03     1.111157549143114e+03
     5.409083300000000e-03     1.111258078156007e+03
     5.457964000000000e-03     1.111359510203795e+03
     5.507286400000000e-03     1.111461853349447e+03
     5.557054600000000e-03     1.111565115725966e+03
     5.607272500000000e-03     1.111669305540077e+03
     5.657944200000000e-03     1.111774431068419e+03
     5.709073800000000e-03     1.111880500661231e+03
     5.760665400000000e-03     1.111987522742289e+03
     5.812723300000000e-03     1.112095505808841e+03
     5.865251600000000e-03     1.112204458435294e+03
     5.918254600000000e-03     1.112314389269392e+03
     5.971736500000000e-03     1.112425307035903e+03
     6.025701800000000e-03     1.112537220534672e+03
     6.080154700000000e-03     1.112650138646173e+03
     6.135099800000000e-03     1.112764070325819e+03
     6.190541300000000e-03     1.112879024611379e+03
     6.246483900000000e-03     1.112995010615413e+03
     6.302932000000000e-03     1.113112037534562e+03
     6.359890200000000e-03     1.113230114643854e+03
     6.417363100000000e-03     1.113349251300368e+03
     6.475355400000000e-03     1.113469456943157e+03
     6.533871800000000e-03     1.113590741095041e+03
     6.592917000000000e-03     1.113713113362520e+03
     6.652495700000000e-03     1.113836583435694e+03
     6.712612800000000e-03     1.113961161088177e+03
     6.773273200000000e-03     1.114086856180753e+03
     6.834481800000000e-03     1.114213678661289e+03
     6.896243500000000e-03     1.114341638564644e+03
     6.958563400000000e-03     1.114470746012577e+03
     7.021446400000000e-03     1.114601011217400e+03
     7.084897700000000e-03     1.114732444478132e+03
     7.148922300000000e-03     1.114865056186028e+03
     7.213525600000000e-03     1.114998856820726e+03
     7.278712600000000e-03     1.115133856957641e+03
     7.344488700000000e-03     1.115270067260374e+03
     7.410859300000000e-03     1.115407498488092e+03
     7.477829600000000e-03     1.115546161495423e+03
     7.545405100000000e-03     1.115686067228607e+03
     7.613591200000000e-03     1.115827226730996e+03
     7.682393600000000e-03     1.115969651141076e+03
     7.751817700000000e-03     1.116113351697961e+03
     7.821869200000000e-03     1.116258339735668e+03
     7.892553700000001e-03     1.116404626688606e+03
     7.963876999999999e-03     1.116552224089594e+03
     8.035844800000001e-03     1.116701143573470e+03
     8.108462900000000e-03     1.116851396875102e+03
     8.181737300000000e-03     1.117002995831130e+03
     8.255673900000000e-03     1.117155952383575e+03
     8.330278599999999e-03     1.117310278577841e+03
     8.405557500000001e-03     1.117465986562577e+03
     8.481516700000000e-03     1.117623088593284e+03
     8.558162300000000e-03     1.117781597032175e+03
     8.635500500000001e-03     1.117941524348032e+03
     8.713537600000000e-03     1.118102883117935e+03
     8.792280000000000e-03     1.118265686028981e+03
     8.871733900000000e-03     1.118429945880006e+03
     8.951905800000000e-03     1.118595675577697e+03
     9.032802200000000e-03     1.118762888142040e+03
     9.114429600000000e-03     1.118931596706168e+03
     9.196794700000000e-03     1.119101814516197e+03
     9.279904199999999e-03     1.119273554934799e+03
     9.363764599999999e-03     1.119446831441041e+03
     9.448382900000000e-03     1.119621657626476e+03
     9.533765899999999e-03     1.119798047204310e+03
     9.619920400000001e-03     1.119976014005499e+03
     9.706853499999999e-03     1.120155571978559e+03
     9.794572200000001e-03     1.120336735194998e+03
     9.883083600000000e-03     1.120519517847260e+03
     9.972394900000001e-03     1.120703934250400e+03
     1.006251300000000e-02     1.120889998843768e+03
     1.015344600000000e-02     1.121077726185211e+03
     1.024520000000000e-02     1.121267130973267e+03
     1.033778400000000e-02     1.121458228009651e+03
     1.043120400000000e-02     1.121651032253149e+03
     1.052546900000000e-02     1.121845558763451e+03
     1.062058500000000e-02     1.122041822756889e+03
     1.071656100000000e-02     1.122239839550278e+03
     1.081340400000000e-02     1.122439624616638e+03
     1.091112300000000e-02     1.122641193547679e+03
     1.100972400000000e-02     1.122844562090853e+03
     1.110921600000000e-02     1.123049746093210e+03
     1.120960800000000e-02     1.123256761557077e+03
     1.131090700000000e-02     1.123465624639813e+03
     1.141312100000000e-02     1.123676351616290e+03
     1.151625900000000e-02     1.123888958897291e+03
     1.162032900000000e-02     1.124103463047879e+03
     1.172533900000000e-02     1.124319880768513e+03
     1.183129800000000e-02     1.124538228894786e+03
     1.193821500000000e-02     1.124758524415784e+03
     1.204609800000000e-02     1.124980784473811e+03
     1.215495600000000e-02     1.125205026345490e+03
     1.226479800000000e-02     1.125431267460104e+03
     1.237563200000000e-02     1.125659525399306e+03
     1.248746800000000e-02     1.125889817878218e+03
     1.260031500000000e-02     1.126122162782357e+03
     1.271418100000000e-02     1.126356578148717e+03
     1.282907600000000e-02     1.126593082146860e+03
     1.294501000000000e-02     1.126831693115819e+03
     1.306199100000000e-02     1.127072429563766e+03
     1.318002900000000e-02     1.127315310130494e+03
     1.329913400000000e-02     1.127560353624287e+03
     1.341931600000000e-02     1.127807579021578e+03
     1.354058300000000e-02     1.128057005466602e+03
     1.366294600000000e-02     1.128308652233878e+03
     1.378641500000000e-02     1.128562538783619e+03
     1.391100000000000e-02     1.128818684742778e+03
     1.403671100000000e-02     1.129077109904683e+03
     1.416355700000000e-02     1.129337834228663e+03
     1.429155000000000e-02     1.129600877821099e+03
     1.442070000000000e-02     1.129866260990756e+03
     1.455101700000000e-02     1.130134004211240e+03
     1.468251100000000e-02     1.130404128120599e+03
     1.481519400000000e-02     1.130676653520923e+03
     1.494907500000000e-02     1.130951601415054e+03
     1.508416700000000e-02     1.131228992950481e+03
     1.522047900000000e-02     1.131508849493139e+03
     1.535802300000000e-02     1.131791192552752e+03
     1.549681000000000e-02     1.132076043838048e+03
     1.563685200000000e-02     1.132363425237755e+03
     1.577815800000000e-02     1.132653358838678e+03
     1.592074200000000e-02     1.132945866869612e+03
     1.606461400000000e-02     1.133240971793568e+03
     1.620978700000000e-02     1.133538696233124e+03
     1.635627100000000e-02     1.133839063025543e+03
     1.650407900000000e-02     1.134142095166669e+03
     1.665322300000000e-02     1.134447815866012e+03
     1.680371400000000e-02     1.134756248527691e+03
     1.695556600000000e-02     1.135067416731384e+03
     1.710879000000000e-02     1.135381344287349e+03
     1.726339800000000e-02     1.135698055180315e+03
     1.741940400000000e-02     1.136017573587448e+03
     1.757681900000000e-02     1.136339923914802e+03
     1.773565700000000e-02     1.136665130741211e+03
     1.789593000000000e-02     1.136993218873219e+03
     1.805765200000000e-02     1.137324213307474e+03
     1.822083500000000e-02     1.137658139267113e+03
     1.838549200000000e-02     1.137995022164151e+03
     1.855163800000000e-02     1.138334887617347e+03
     1.871928500000000e-02     1.138677761488533e+03
     1.888844700000000e-02     1.139023669826497e+03
     1.905913800000000e-02     1.139372638903287e+03
     1.923137100000000e-02     1.139724695213533e+03
     1.940516100000000e-02     1.140079865455280e+03
     1.958052100000000e-02     1.140438176566228e+03
     1.975746600000000e-02     1.140799655686084e+03
     1.993601000000000e-02     1.141164330192765e+03
     2.011616700000000e-02     1.141532227683190e+03
     2.029795200000000e-02     1.141903375972536e+03
     2.048138000000000e-02     1.142277803111926e+03
     2.066646600000000e-02     1.142655537387643e+03
     2.085322500000000e-02     1.143036607320329e+03
     2.104167100000000e-02     1.143421041664180e+03
     2.123181900000000e-02     1.143808869387692e+03
     2.142368700000000e-02     1.144200119691274e+03
     2.161728800000000e-02     1.144594822061672e+03
     2.181263900000000e-02     1.144993006178958e+03
     2.200975500000000e-02     1.145394701989361e+03
     2.220865200000000e-02     1.145799939667522e+03
     2.240934700000000e-02     1.146208749634007e+03
     2.261185500000000e-02     1.146621162572780e+03
     2.281619300000000e-02     1.147037209393446e+03
     2.302237800000000e-02     1.147456921267106e+03
     2.323042600000000e-02     1.147880329625364e+03
     2.344035500000000e-02     1.148307466140940e+03
     2.365218000000000e-02     1.148738362763438e+03
     2.386592000000000e-02     1.149173051663156e+03
     2.408159100000000e-02     1.149611565303579e+03
     2.429921100000000e-02     1.150053936385161e+03
     2.451879700000000e-02     1.150500197881006e+03
     2.474036800000000e-02     1.150950383017384e+03
     2.496394200000000e-02     1.151404525309341e+03
     2.518953500000000e-02     1.151862658541172e+03
     2.541716800000000e-02     1.152324816728573e+03
     2.564685700000000e-02     1.152791034209205e+03
     2.587862200000000e-02     1.153261345549751e+03
     2.611248100000000e-02     1.153735785618076e+03
     2.634845400000000e-02     1.154214389545290e+03
     2.658655900000000e-02     1.154697192761147e+03
     2.682681600000000e-02     1.155184230956096e+03
     2.706924400000000e-02     1.155675540116619e+03
     2.731386300000000e-02     1.156171156505572e+03
     2.756069300000000e-02     1.156671116679143e+03
     2.780975200000000e-02     1.157175457485458e+03
     2.806106300000000e-02     1.157684216026589e+03
     2.831464500000000e-02     1.158197429748608e+03
     2.857051800000000e-02     1.158715136366934e+03
     2.882870300000000e-02     1.159237373883163e+03
     2.908922200000000e-02     1.159764180601849e+03
     2.935209500000000e-02     1.160295595147228e+03
     2.961734300000000e-02     1.160831656425113e+03
     2.988498900000000e-02     1.161372403639591e+03
     3.015505300000000e-02     1.161917876327917e+03
     3.042755800000000e-02     1.162468114304100e+03
     3.070252500000000e-02     1.163023157711992e+03
     3.097997700000000e-02     1.163583046987098e+03
     3.125993600000000e-02     1.164147822891328e+03
     3.154242500000000e-02     1.164717526493000e+03
     3.182746700000000e-02     1.165292199183278e+03
     3.211508500000000e-02     1.165871882674347e+03
     3.240530200000000e-02     1.166456618997556e+03
     3.269814100000000e-02     1.167046450501540e+03
     3.299362700000000e-02     1.167641419850313e+03
     3.329178400000000e-02     1.168241570057706e+03
     3.359263400000000e-02     1.168846944467171e+03
     3.389620300000000e-02     1.169457586713408e+03
     3.420251600000000e-02     1.170073540793057e+03
     3.451159700000000e-02     1.170694851044399e+03
     3.482347000000000e-02     1.171321562127065e+03
     3.513816200000000e-02     1.171953719019901e+03
     3.545569800000000e-02     1.172591367073238e+03
     3.577610400000000e-02     1.173234551970326e+03
     3.609940400000000e-02     1.173883319743214e+03
     3.642562700000000e-02     1.174537716734172e+03
     3.675479700000000e-02     1.175197789684003e+03
     3.708694200000000e-02     1.175863585638994e+03
     3.742208900000000e-02     1.176535152020990e+03
     3.776026400000000e-02     1.177212536606775e+03
     3.810149500000000e-02     1.177895787507460e+03
     3.844581000000000e-02     1.178584953202131e+03
     3.879323600000000e-02     1.179280082535228e+03
     3.914380200000000e-02     1.179981224695813e+03
     3.949753600000000e-02     1.180688429251034e+03
     3.985446700000000e-02     1.181401746125299e+03
     4.021462300000000e-02     1.182121225615557e+03
     4.057803300000000e-02     1.182846918370405e+03
     4.094472800000000e-02     1.183578875405279e+03
     4.131473700000000e-02     1.184317148135582e+03
     4.168808900000000e-02     1.185061788337604e+03
     4.206481500000000e-02     1.185812848145520e+03
     4.244494600000000e-02     1.186570380084353e+03
     4.282851100000000e-02     1.187334437066805e+03
     4.321554300000000e-02     1.188105072354079e+03
     4.360607200000000e-02     1.188882339624623e+03
     4.400013100000000e-02     1.189666292916842e+03
     4.439775000000000e-02     1.190456986679695e+03
     4.479896300000000e-02     1.191254475715349e+03
     4.520380200000000e-02     1.192058815247598e+03
     4.561229800000000e-02     1.192870060882370e+03
     4.602448700000000e-02     1.193688268586232e+03
     4.644040000000000e-02     1.194513494772443e+03
     4.686007200000000e-02     1.195345796207537e+03
     4.728353600000000e-02     1.196185230079287e+03
     4.771082700000000e-02     1.197031853957016e+03
     4.814197900000000e-02     1.197885725823517e+03
     4.857702700000000e-02     1.198746904053181e+03
     4.901600700000000e-02     1.199615447425862e+03
     4.945895400000000e-02     1.200491415140640e+03
     4.990590400000000e-02     1.201374866793761e+03
     5.035689300000000e-02     1.202265862392273e+03
     5.081195700000000e-02     1.203164462349707e+03
     5.127113300000000e-02     1.204070727481702e+03
     5.173445900000000e-02     1.204984719019401e+03
     5.220197200000000e-02     1.205906498622720e+03
     5.267371000000000e-02     1.206836128357904e+03
     5.314971100000000e-02     1.207773670710661e+03
     5.363001300000000e-02     1.208719188581393e+03
     5.411465600000000e-02     1.209672745280366e+03
     5.460367800000000e-02     1.210634404558345e+03
     5.509711900000000e-02     1.211604230566024e+03
     5.559502000000000e-02     1.212582287884493e+03
     5.609742000000000e-02     1.213568641537783e+03
     5.660436000000000e-02     1.214563356952104e+03
     5.711588100000000e-02     1.215566499985997e+03
     5.763202500000000e-02     1.216578136924887e+03
     5.815283300000000e-02     1.217598334493257e+03
     5.867834700000000e-02     1.218627159831315e+03
     5.920861100000000e-02     1.219664680507007e+03
     5.974366600000000e-02     1.220710964545550e+03
     6.028355600000000e-02     1.221766080370494e+03
     6.082832500000000e-02     1.222830096850763e+03
     6.137801800000000e-02     1.223903083294523e+03
     6.193267700000000e-02     1.224985109460597e+03
     6.249234900000000e-02     1.226076245499281e+03
     6.305707900000000e-02     1.227176562034087e+03
     6.362691199999999e-02     1.228286130119944e+03
     6.420189400000000e-02     1.229405021236599e+03
     6.478207300000000e-02     1.230533307299509e+03
     6.536749400000000e-02     1.231671060688131e+03
     6.595820600000001e-02     1.232818354186258e+03
     6.655425600000001e-02     1.233975261045214e+03
     6.715569200000000e-02     1.235141854941547e+03
     6.776256300000000e-02     1.236318209987295e+03
     6.837491800000001e-02     1.237504400740099e+03
     6.899280800000000e-02     1.238700502195654e+03
     6.961628000000000e-02     1.239906589815017e+03
     7.024538700000001e-02     1.241122739446899e+03
     7.088018000000000e-02     1.242349027424649e+03
     7.152070800000000e-02     1.243585530523198e+03
     7.216702500000000e-02     1.244832325916044e+03
     7.281918300000000e-02     1.246089491254175e+03
     7.347723400000000e-02     1.247357104622718e+03
     7.414123100000000e-02     1.248635244532389e+03
     7.481122900000001e-02     1.249923989928231e+03
     7.548728200000000e-02     1.251223420215516e+03
     7.616944400000000e-02     1.252533615233335e+03
     7.685777000000001e-02     1.253854655245493e+03
     7.755231700000000e-02     1.255186620948610e+03
     7.825314000000000e-02     1.256529593497336e+03
     7.896029700000000e-02     1.257883654460105e+03
     7.967384399999999e-02     1.259248885861350e+03
     8.039383899999999e-02     1.260625370136994e+03
     8.112034000000000e-02     1.262013190159019e+03
     8.185340700000000e-02     1.263412429225255e+03
     8.259309800000000e-02     1.264823171083498e+03
     8.333947400000000e-02     1.266245499886488e+03
     8.409259400000001e-02     1.267679500232904e+03
     8.485252100000000e-02     1.269125257122072e+03
     8.561931400000000e-02     1.270582856011713e+03
     8.639303700000001e-02     1.272052382737977e+03
     8.717375199999999e-02     1.273533923589956e+03
     8.796152200000000e-02     1.275027565263732e+03
     8.875641099999999e-02     1.276533394867799e+03
     8.955848299999999e-02     1.278051499928254e+03
     9.036780400000000e-02     1.279581968376672e+03
     9.118443800000001e-02     1.281124888571965e+03
     9.200845200000000e-02     1.282680349253715e+03
     9.283991200000000e-02     1.284248439580706e+03
     9.367888600000000e-02     1.285829249100956e+03
     9.452544100000000e-02     1.287422867772701e+03
     9.537964700000000e-02     1.289029385934068e+03
     9.624157200000000e-02     1.290648894340570e+03
     9.711128600000000e-02     1.292281484117381e+03
     9.798885900000000e-02     1.293927246779397e+03
     9.887436300000001e-02     1.295586274217095e+03
     9.976786900000000e-02     1.297258658716032e+03
     1.006694500000000e-01     1.298944492925320e+03
     1.015791800000000e-01     1.300643869876644e+03
     1.024971300000000e-01     1.302356882986041e+03
     1.034233700000000e-01     1.304083625988067e+03
     1.043579800000000e-01     1.305824192903725e+03
     1.053010400000000e-01     1.307578678193171e+03
     1.062526300000000e-01     1.309347176739331e+03
     1.072128100000000e-01     1.311129783831332e+03
     1.081816700000000e-01     1.312926594812730e+03
     1.091592800000000e-01     1.314737705568318e+03
     1.101457300000000e-01     1.316563212171812e+03
     1.111410900000000e-01     1.318403211203347e+03
     1.121454500000000e-01     1.320257799397492e+03
     1.131588800000000e-01     1.322127073959625e+03
     1.141814800000000e-01     1.324011132214286e+03
     1.152133100000000e-01     1.325910072086636e+03
     1.162544700000000e-01     1.327823991418151e+03
     1.173050300000000e-01     1.329752988613334e+03
     1.183650900000000e-01     1.331697162122159e+03
     1.194347300000000e-01     1.333656610918438e+03
     1.205140400000000e-01     1.335631434148241e+03
     1.216030900000000e-01     1.337621731275593e+03
     1.227020000000000e-01     1.339627601732213e+03
     1.238108300000000e-01     1.341649145722004e+03
     1.249296800000000e-01     1.343686463210344e+03
     1.260586400000000e-01     1.345739654562885e+03
     1.271978000000000e-01     1.347808820359051e+03
     1.283472600000000e-01     1.349894061370371e+03
     1.295071100000000e-01     1.351995478702208e+03
     1.306774400000000e-01     1.354113173607161e+03
     1.318583400000000e-01     1.356247247462694e+03
     1.330499100000000e-01     1.358397801748542e+03
     1.342522600000000e-01     1.360564938186646e+03
     1.354654600000000e-01     1.362748758879578e+03
     1.366896400000000e-01     1.364949365635689e+03
     1.379248700000000e-01     1.367166860920459e+03
     1.391712700000000e-01     1.369401346856920e+03
     1.404289300000000e-01     1.371652926012192e+03
     1.416979500000000e-01     1.373921700885513e+03
     1.429784500000000e-01     1.376207774044922e+03
     1.442705100000000e-01     1.378511248423339e+03
     1.455742500000000e-01     1.380832226647049e+03
     1.468897700000000e-01     1.383170811653702e+03
     1.482171900000000e-01     1.385527106342702e+03
     1.495565900000000e-01     1.387901213868382e+03
     1.509081000000000e-01     1.390293236971121e+03
     1.522718200000000e-01     1.392703278750158e+03
     1.536478700000000e-01     1.395131442154236e+03
     1.550363500000000e-01     1.397577830271779e+03
     1.564373800000000e-01     1.400042545982468e+03
     1.578510700000000e-01     1.402525692245898e+03
     1.592775400000000e-01     1.405027371911930e+03
     1.607169000000000e-01     1.407547687848461e+03
     1.621692600000000e-01     1.410086742751690e+03
     1.636347500000000e-01     1.412644639115205e+03
     1.651134800000000e-01     1.415221479513504e+03
     1.666055700000000e-01     1.417817366253779e+03
     1.681111500000000e-01     1.420432401500990e+03
     1.696303300000000e-01     1.423066687401094e+03
     1.711632500000000e-01     1.425720325733484e+03
     1.727100100000000e-01     1.428393418346490e+03
     1.742707500000000e-01     1.431086066497396e+03
     1.758456000000000e-01     1.433798371442591e+03
     1.774346800000000e-01     1.436530434244825e+03
     1.790381200000000e-01     1.439282355581755e+03
     1.806560400000000e-01     1.442054235865196e+03
     1.822885900000000e-01     1.444846175049611e+03
     1.839358900000000e-01     1.447658273058472e+03
     1.855980800000000e-01     1.450490629282207e+03
     1.872752900000000e-01     1.453343342848693e+03
     1.889676600000000e-01     1.456216512430220e+03
     1.906753200000000e-01     1.459110236357818e+03
     1.923984100000000e-01     1.462024612428168e+03
     1.941370700000000e-01     1.464959738016727e+03
     1.958914400000000e-01     1.467915710036712e+03
     1.976616700000000e-01     1.470892624897742e+03
     1.994479000000000e-01     1.473890578615695e+03
     2.012502600000000e-01     1.476909666618011e+03
     2.030689200000000e-01     1.479949983550456e+03
     2.049040100000000e-01     1.483011623838499e+03
     2.067556800000000e-01     1.486094681038575e+03
     2.086240900000000e-01     1.489199248096378e+03
     2.105093800000000e-01     1.492325417451469e+03
     2.124117000000000e-01     1.495473280691552e+03
     2.143312200000000e-01     1.498642928657373e+03
     2.162680900000000e-01     1.501834451694187e+03
     2.182224500000000e-01     1.505047939305370e+03
     2.201944800000000e-01     1.508283479957636e+03
     2.221843300000000e-01     1.511541161626810e+03
     2.241921600000000e-01     1.514821071303328e+03
     2.262181400000000e-01     1.518123295091770e+03
     2.282624200000000e-01     1.521447918308138e+03
     2.303251800000000e-01     1.524795025135437e+03
     2.324065800000000e-01     1.528164699013594e+03
     2.345067800000000e-01     1.531557022294085e+03
     2.366259700000000e-01     1.534972076189185e+03
     2.387643100000000e-01     1.538409941156299e+03
     2.409219700000000e-01     1.541870696407193e+03
     2.430991300000000e-01     1.545354420000800e+03
     2.452959600000000e-01     1.548861188933683e+03
     2.475126400000000e-01     1.552391078940656e+03
     2.497493600000000e-01     1.555944164583969e+03
     2.520062900000000e-01     1.559520519340101e+03
     2.542836200000000e-01     1.563120215256130e+03
     2.565815200000000e-01     1.566743323179322e+03
     2.589001900000000e-01     1.570389912414371e+03
     2.612398200000000e-01     1.574060051092612e+03
     2.636005800000000e-01     1.577753805969567e+03
     2.659826800000000e-01     1.581471242083566e+03
     2.683863100000000e-01     1.585212423261375e+03
     2.708116600000000e-01     1.588977411774099e+03
     2.732589300000000e-01     1.592766268276731e+03
     2.757283100000000e-01     1.596579051886809e+03
     2.782200000000000e-01     1.600415819982657e+03
     2.807342200000000e-01     1.604276628280839e+03
     2.832711500000000e-01     1.608161531049299e+03
     2.858310100000000e-01     1.612070580488820e+03
     2.884140000000000e-01     1.616003827222876e+03
     2.910203300000000e-01     1.619961319955833e+03
     2.936502200000000e-01     1.623943105545520e+03
     2.963038700000000e-01     1.627949229073261e+03
     2.989815100000000e-01     1.631979733503853e+03
     3.016833400000000e-01     1.636034660027296e+03
     3.044095800000000e-01     1.640114047583011e+03
     3.071604700000000e-01     1.644217933064262e+03
     3.099362100000000e-01     1.648346351517565e+03
     3.127370300000000e-01     1.652499335534308e+03
     3.155631700000000e-01     1.656676915585747e+03
     3.184148400000000e-01     1.660879120084566e+03
     3.212922900000000e-01     1.665105974913660e+03
     3.241957400000000e-01     1.669357503887194e+03
     3.271254200000000e-01     1.673633728279641e+03
     3.300815800000000e-01     1.677934666887442e+03
     3.330644600000000e-01     1.682260336218922e+03
     3.360742900000000e-01     1.686610750287820e+03
     3.391113200000000e-01     1.690985920409359e+03
     3.421757900000000e-01     1.695385855387533e+03
     3.452679600000000e-01     1.699810561309904e+03
     3.483880700000000e-01     1.704260041731017e+03
     3.515363800000000e-01     1.708734297337727e+03
     3.547131300000000e-01     1.713233326130945e+03
     3.579186000000000e-01     1.717757123092878e+03
     3.611530300000000e-01     1.722305680620907e+03
     3.644166900000000e-01     1.726878987939518e+03
     3.677098400000000e-01     1.731477031404863e+03
     3.710327600000000e-01     1.736099794299342e+03
     3.743857000000000e-01     1.740747257004183e+03
     3.777689400000000e-01     1.745419396543840e+03
     3.811827600000000e-01     1.750116186883552e+03
     3.846274200000000e-01     1.754837598847871e+03
     3.881032100000000e-01     1.759583599793117e+03
     3.916104200000000e-01     1.764354153899191e+03
     3.951493100000000e-01     1.769149222086564e+03
     3.987201900000000e-01     1.773968761568365e+03
     4.023233400000000e-01     1.778812726381439e+03
     4.059590500000000e-01     1.783681066937253e+03
     4.096276100000000e-01     1.788573730062974e+03
     4.133293200000000e-01     1.793490658920305e+03
     4.170644900000000e-01     1.798431793044074e+03
     4.208334100000000e-01     1.803397068378372e+03
     4.246363900000000e-01     1.808386416955291e+03
     4.284737400000000e-01     1.813399767051385e+03
     4.323457600000000e-01     1.818437043104136e+03
     4.362527700000000e-01     1.823498165512179e+03
     4.401950900000000e-01     1.828583050788112e+03
     4.441730400000000e-01     1.833691611474322e+03
     4.481869300000000e-01     1.838823756059478e+03
     4.522371000000000e-01     1.843979388780984e+03
     4.563238700000000e-01     1.849158409888308e+03
     4.604475700000000e-01     1.854360715329142e+03
     4.646085300000000e-01     1.859586196782242e+03
     4.688070900000000e-01     1.864834741575334e+03
     4.730436000000000e-01     1.870106232716120e+03
     4.773183900000000e-01     1.875400548921079e+03
     4.816318100000000e-01     1.880717564308687e+03
     4.859842200000000e-01     1.886057148542387e+03
     4.903759500000000e-01     1.891419166858205e+03
     4.948073700000000e-01     1.896803479652112e+03
     4.992788300000000e-01     1.902209942841142e+03
     5.037907100000000e-01     1.907638407562068e+03
     5.083433500000000e-01     1.913088720417351e+03
     5.129371400000000e-01     1.918560722960990e+03
     5.175724400000000e-01     1.924054252160166e+03
     5.222496300000000e-01     1.929569139991663e+03
     5.269690800000000e-01     1.935105213578166e+03
     5.317311900000000e-01     1.940662295003903e+03
     5.365363300000000e-01     1.946240201553578e+03
     5.413848900000000e-01     1.951838745318468e+03
     5.462772600000000e-01     1.957457733331657e+03
     5.512138500000000e-01     1.963096967492335e+03
     5.561950500000000e-01     1.968756244696574e+03
     5.612212600000001e-01     1.974435356555782e+03
     5.662928900000000e-01     1.980134089427489e+03
     5.714103600000000e-01     1.985852224444597e+03
     5.765740700000000e-01     1.991589537543132e+03
     5.817844400000000e-01     1.997345799189850e+03
     5.870419000000000e-01     2.003120774514633e+03
     5.923468700000000e-01     2.008914223339668e+03
     5.976997800000000e-01     2.014725900011644e+03
     6.031010600000000e-01     2.020555553434061e+03
     6.085511500000000e-01     2.026402927001643e+03
     6.140504900000000e-01     2.032267758633128e+03
     6.195995300000000e-01     2.038149780707407e+03
     6.251987200000000e-01     2.044048720096983e+03
     6.308485000000000e-01     2.049964298106057e+03
     6.365493400000000e-01     2.055896230317381e+03
     6.423017000000000e-01     2.061844226817846e+03
     6.481060400000000e-01     2.067807992045859e+03
     6.539628300000000e-01     2.073787224736942e+03
     6.598725500000000e-01     2.079781617963461e+03
     6.658356700000000e-01     2.085790859173632e+03
     6.718526800000000e-01     2.091814630049500e+03
     6.779240700000000e-01     2.097852606640174e+03
     6.840503200000000e-01     2.103904459312957e+03
     6.902319300000000e-01     2.109969852619188e+03
     6.964694000000000e-01     2.116048445430150e+03
     7.027632500000000e-01     2.122139890894637e+03
     7.091139600000000e-01     2.128243836572920e+03
     7.155220700000000e-01     2.134359924051088e+03
     7.219880900000000e-01     2.140487789426768e+03
     7.285125300000000e-01     2.146627063013876e+03
     7.350959400000000e-01     2.152777369314223e+03
     7.417388400000000e-01     2.158938327326769e+03
     7.484417700000000e-01     2.165109550265626e+03
     7.552052800000000e-01     2.171290645704214e+03
     7.620299000000000e-01     2.177481215634208e+03
     7.689162000000000e-01     2.183680856281529e+03
     7.758647200000000e-01     2.189889158416247e+03
     7.828760400000000e-01     2.196105707093009e+03
     7.899507200000000e-01     2.202330081961024e+03
     7.970893300000000e-01     2.208561857091878e+03
     8.042924600000000e-01     2.214800601052852e+03
     8.115606700000000e-01     2.221045877058144e+03
     8.188945700000000e-01     2.227297242733369e+03
     8.262947400000000e-01     2.233554250504423e+03
     8.337617800000000e-01     2.239816447368358e+03
     8.412963000000000e-01     2.246083375054232e+03
     8.488989100000000e-01     2.252354570106852e+03
     8.565702200000000e-01     2.258629563897814e+03
     8.643108600000000e-01     2.264907882641241e+03
     8.721214500000000e-01     2.271189047559013e+03
     8.800026200000000e-01     2.277472574828116e+03
     8.879550100000000e-01     2.283757975678848e+03
     8.959792600000001e-01     2.290044756494210e+03
     9.040760300000000e-01     2.296332418840679e+03
     9.122459700000000e-01     2.302620459642511e+03
     9.204897300000000e-01     2.308908371147798e+03
     9.288080000000000e-01     2.315195640971409e+03
     9.372014300000000e-01     2.321481752412608e+03
     9.456707200000000e-01     2.327766184228986e+03
     9.542165300000000e-01     2.334048411025745e+03
     9.628395800000000e-01     2.340327903042140e+03
     9.715405499999999e-01     2.346604126607001e+03
     9.803201499999999e-01     2.352876543934742e+03
     9.891790900000000e-01     2.359144613387185e+03
     9.981180800000000e-01     2.365407789540658e+03
     1.007137900000000e+00     2.371665523258637e+03
     1.016239100000000e+00     2.377917262202312e+03
     1.025422700000000e+00     2.384162449486365e+03
     1.034689200000000e+00     2.390400526662675e+03
     1.044039400000000e+00     2.396630930604288e+03
     1.053474200000000e+00     2.402853095449821e+03
     1.062994200000000e+00     2.409066453268796e+03
     1.072600300000000e+00     2.415270432373557e+03
     1.082293100000000e+00     2.421464459194286e+03
     1.092073600000000e+00     2.427647956639395e+03
     1.101942400000000e+00     2.433820346507191e+03
     1.111900400000000e+00     2.439981047308012e+03
     1.121948400000000e+00     2.446129476088458e+03
     1.132087200000000e+00     2.452265047976089e+03
     1.142317600000000e+00     2.458387176304298e+03
     1.152640500000000e+00     2.464495272742947e+03
     1.163056700000000e+00     2.470588747960366e+03
     1.173566900000000e+00     2.476667011215642e+03
     1.184172200000000e+00     2.482729469992916e+03
     1.194873300000000e+00     2.488775532215221e+03
     1.205671100000000e+00     2.494804604307241e+03
     1.216566500000000e+00     2.500816092381359e+03
     1.227560400000000e+00     2.506809402378160e+03
     1.238653500000000e+00     2.512783940212617e+03
     1.249847000000000e+00     2.518739110970263e+03
     1.261141600000000e+00     2.524674321483171e+03
     1.272538200000000e+00     2.530588978074036e+03
     1.284037900000000e+00     2.536482487703621e+03
     1.295641500000000e+00     2.542354259052946e+03
     1.307349900000000e+00     2.548203701298175e+03
     1.319164100000000e+00     2.554030224766599e+03
     1.331085100000000e+00     2.559833241562779e+03
     1.343113800000000e+00     2.565612165733922e+03
     1.355251300000000e+00     2.571366413014864e+03
     1.367498400000000e+00     2.577095401871961e+03
     1.379856200000000e+00     2.582798552412482e+03
     1.392325600000000e+00     2.588475287852244e+03
     1.404907700000000e+00     2.594125033871311e+03
     1.417603600000000e+00     2.599747219631259e+03
     1.430414200000000e+00     2.605341277946132e+03
     1.443340500000000e+00     2.610906644685492e+03
     1.456383700000000e+00     2.616442759390462e+03
     1.469544700000000e+00     2.621949066235875e+03
     1.482824600000000e+00     2.627425013081410e+03
     1.496224600000000e+00     2.632870052447136e+03
     1.509745600000000e+00     2.638283642068435e+03
     1.523388900000000e+00     2.643665244007419e+03
     1.537155400000000e+00     2.649014326303369e+03
     1.551046300000000e+00     2.654330361753259e+03
     1.565062800000000e+00     2.659612829188029e+03
     1.579205900000000e+00     2.664861213658771e+03
     1.593476900000000e+00     2.670075005971045e+03
     1.607876800000000e+00     2.675253703896081e+03
     1.622406800000000e+00     2.680396811387932e+03
     1.637068100000000e+00     2.685503839456299e+03
     1.651862000000000e+00     2.690574306365823e+03
     1.666789500000000e+00     2.695607738139743e+03
     1.681851900000000e+00     2.700603667846663e+03
     1.697050400000000e+00     2.705561636732190e+03
     1.712386300000000e+00     2.710481194113118e+03
     1.727860700000000e+00     2.715361897867633e+03
     1.743475000000000e+00     2.720203314064177e+03
     1.759230400000000e+00     2.725005018013909e+03
     1.775128200000000e+00     2.729766593896302e+03
     1.791169700000000e+00     2.734487635233138e+03
     1.807356100000000e+00     2.739167745075452e+03
     1.823688800000000e+00     2.743806535936242e+03
     1.840169000000000e+00     2.748403630499826e+03
     1.856798200000000e+00     2.752958661294752e+03
     1.873577700000000e+00     2.757471271624365e+03
     1.890508800000000e+00     2.761941115234027e+03
     1.907592900000000e+00     2.766367856494979e+03
     1.924831400000000e+00     2.770751170814194e+03
     1.942225700000000e+00     2.775090744793157e+03
     1.959777200000000e+00     2.779386276385079e+03
     1.977487300000000e+00     2.783637475050236e+03
     1.995357400000000e+00     2.787844061909131e+03
     2.013389000000000e+00     2.792005769893183e+03
     2.031583500000000e+00     2.796122344095055e+03
     2.049942500000000e+00     2.800193541694864e+03
     2.068467400000000e+00     2.804219132490812e+03
     2.087159700000000e+00     2.808198898616958e+03
     2.106020900000000e+00     2.812132634864794e+03
     2.125052500000000e+00     2.816020148794680e+03
     2.144256200000000e+00     2.819861260843344e+03
     2.163633300000000e+00     2.823655804777315e+03
     2.183185600000000e+00     2.827403627068988e+03
     2.202914600000000e+00     2.831104587866647e+03
     2.222821800000000e+00     2.834758560536633e+03
     2.242909000000000e+00     2.838365431748101e+03
     2.263177700000000e+00     2.841925102022920e+03
     2.283629500000000e+00     2.845437485296047e+03
     2.304266200000000e+00     2.848902509133760e+03
     2.325089300000000e+00     2.852320115071611e+03
     2.346100600000000e+00     2.855690258189724e+03
     2.367301800000000e+00     2.859012907582402e+03
     2.388694600000000e+00     2.862288046214957e+03
     2.410280700000000e+00     2.865515670927824e+03
     2.432061900000000e+00     2.868695792434260e+03
     2.454039900000000e+00     2.871828435438650e+03
     2.476216500000000e+00     2.874913638481163e+03
     2.498593600000000e+00     2.877951454036449e+03
     2.521172800000000e+00     2.880941948587211e+03
     2.543956100000000e+00     2.883885202212269e+03
     2.566945200000000e+00     2.886781309006932e+03
     2.590142200000000e+00     2.889630376659799e+03
     2.613548700000000e+00     2.892432526821242e+03
     2.637166800000000e+00     2.895187894461390e+03
     2.660998300000000e+00     2.897896628316909e+03
     2.685045100000000e+00     2.900558890459382e+03
     2.709309300000000e+00     2.903174856289024e+03
     2.733792700000000e+00     2.905744714598544e+03
     2.758497400000000e+00     2.908268667143985e+03
     2.783425400000000e+00     2.910746928785242e+03
     2.808578600000000e+00     2.913179727229851e+03
     2.833959100000000e+00     2.915567302784502e+03
     2.859568900000000e+00     2.917909908357778e+03
     2.885410200000000e+00     2.920207809189859e+03
     2.911485000000000e+00     2.922461282819933e+03
     2.937795500000000e+00     2.924670618720715e+03
     2.964343700000000e+00     2.926836118243238e+03
     2.991131800000000e+00     2.928958094246806e+03
     3.018162000000000e+00     2.931036871021464e+03
     3.045436500000000e+00     2.933072784045922e+03
     3.072957400000000e+00     2.935066179739392e+03
     3.100727100000000e+00     2.937017415144833e+03
     3.128747700000000e+00     2.938926857860110e+03
     3.157021500000000e+00     2.940794885576516e+03
     3.185550800000000e+00     2.942621885930143e+03
     3.214337900000000e+00     2.944408256215191e+03
     3.243385200000000e+00     2.946154403092209e+03
     3.272694900000000e+00     2.947860742343132e+03
     3.302269600000000e+00     2.949527698461221e+03
     3.332111400000000e+00     2.951155704547235e+03
     3.362223000000000e+00     2.952745201740346e+03
     3.392606700000000e+00     2.954296639191717e+03
     3.423264900000000e+00     2.955810473539881e+03
     3.454200200000000e+00     2.957287168631524e+03
     3.485415100000000e+00     2.958727195270826e+03
     3.516912000000000e+00     2.960131030830216e+03
     3.548693500000000e+00     2.961499158867466e+03
     3.580762300000000e+00     2.962832068859290e+03
     3.613120900000000e+00     2.964130255881421e+03
     3.645771900000000e+00     2.965394220176918e+03
     3.678717900000000e+00     2.966624466838102e+03
     3.711961700000000e+00     2.967821505448228e+03
     3.745505800000000e+00     2.968985849784274e+03
     3.779353200000000e+00     2.970118017357734e+03
     3.813506300000000e+00     2.971218529204695e+03
     3.847968200000000e+00     2.972287909341293e+03
     3.882741400000000e+00     2.973326684603033e+03
     3.917828900000000e+00     2.974335384110776e+03
     3.953233400000000e+00     2.975314539044744e+03
     3.988957900000000e+00     2.976264682202720e+03
     4.025005300000000e+00     2.977186347714115e+03
     4.061378400000000e+00     2.978080070653482e+03
     4.098080200000000e+00     2.978946386663200e+03
     4.135113600000000e+00     2.979785831645223e+03
     4.172481700000000e+00     2.980598941389091e+03
     4.210187500000000e+00     2.981386251264873e+03
     4.248234100000000e+00     2.982148295858534e+03
     4.286624400000000e+00     2.982885608651379e+03
     4.325361700000000e+00     2.983598721651963e+03
     4.364449000000000e+00     2.984288165136002e+03
     4.403889600000000e+00     2.984954467271570e+03
     4.443686600000000e+00     2.985598153848950e+03
     4.483843200000000e+00     2.986219747937530e+03
     4.524362700000000e+00     2.986819769596887e+03
     4.565248400000000e+00     2.987398735591754e+03
     4.606503500000000e+00     2.987957159099586e+03
     4.648131500000000e+00     2.988495549415059e+03
     4.690135600000000e+00     2.989014411709842e+03
     4.732519400000000e+00     2.989514246729392e+03
     4.775286100000000e+00     2.989995550577323e+03
     4.818439300000000e+00     2.990458814421709e+03
     4.861982500000000e+00     2.990904524294207e+03
     4.905919200000000e+00     2.991333160844985e+03
     4.950252900000000e+00     2.991745199118459e+03
     4.994987200000000e+00     2.992141108339047e+03
     5.040125800000000e+00     2.992521351714412e+03
     5.085672300000000e+00     2.992886386246689e+03
     5.131630400000000e+00     2.993236662538615e+03
     5.178003900000000e+00     2.993572624625091e+03
     5.224796400000000e+00     2.993894709813299e+03
     5.272011700000000e+00     2.994203348514387e+03
     5.319653700000000e+00     2.994498964111382e+03
     5.367726200000000e+00     2.994781972828983e+03
     5.416233200000000e+00     2.995052783602697e+03
     5.465178500000000e+00     2.995311797974363e+03
     5.514566100000000e+00     2.995559409977716e+03
     5.564400100000000e+00     2.995796006054340e+03
     5.614684300000000e+00     2.996021964973383e+03
     5.665423000000000e+00     2.996237657745681e+03
     5.716620200000000e+00     2.996443447580416e+03
     5.768280000000000e+00     2.996639689819257e+03
     5.820406700000000e+00     2.996826731897008e+03
     5.873004400000000e+00     2.997004913314117e+03
     5.926077500000000e+00     2.997174565605822e+03
     5.979630100000000e+00     2.997336012336371e+03
     6.033666700000000e+00     2.997489569084981e+03
     6.088191700000000e+00     2.997635543460387e+03
     6.143209300000000e+00     2.997774235110000e+03
     6.198724100000000e+00     2.997905935736885e+03
     6.254740700000000e+00     2.998030929138706e+03
     6.311263400000000e+00     2.998149491244736e+03
     6.368296900000000e+00     2.998261890156039e+03
     6.425845800000000e+00     2.998368386206912e+03
     6.483914700000000e+00     2.998469232023771e+03
     6.542508400000000e+00     2.998564672593500e+03
     6.601631700000000e+00     2.998654945341515e+03
     6.661289200000000e+00     2.998740280213024e+03
     6.721485800000000e+00     2.998820899758471e+03
     6.782226400000000e+00     2.998897019231523e+03
     6.843515800000000e+00     2.998968846688391e+03
     6.905359200000000e+00     2.999036583091731e+03
     6.967761400000000e+00     2.999100422424553e+03
     7.030727500000000e+00     2.999160551800800e+03
     7.094262700000000e+00     2.999217151587341e+03
     7.158372000000000e+00     2.999270395527607e+03
     7.223060600000000e+00     2.999320450866778e+03
     7.288333800000000e+00     2.999367478483570e+03
     7.354196900000000e+00     2.999411633024038e+03
     7.420655200000000e+00     2.999453063037420e+03
     7.487714000000000e+00     2.999491911114547e+03
     7.555378800000000e+00     2.999528314028445e+03
     7.623655100000000e+00     2.999562402877691e+03
     7.692548400000000e+00     2.999594303230134e+03
     7.762064300000000e+00     2.999624135267920e+03
     7.832208300000000e+00     2.999652013933844e+03
     7.902986300000000e+00     2.999678049077601e+03
     7.974403800000000e+00     2.999702345604075e+03
     8.046466799999999e+00     2.999725003619007e+03
     8.119180900000000e+00     2.999746118577380e+03
     8.192552200000000e+00     2.999765781428678e+03
     8.266586500000001e+00     2.999784078763958e+03
     8.341289800000000e+00     2.999801092959917e+03
     8.416668200000000e+00     2.999816902323123e+03
     8.492727800000001e+00     2.999831581232587e+03
     8.569474700000001e+00     2.999845200280609e+03
     8.646915200000000e+00     2.999857826411950e+03
     8.725055400000000e+00     2.999869523061398e+03
     8.803901900000000e+00     2.999880350288700e+03
     8.883460800000000e+00     2.999890364912188e+03
     8.963738700000000e+00     2.999899620638790e+03
     9.044741999999999e+00     2.999908168192772e+03
     9.126477400000001e+00     2.999916055441038e+03
     9.208951300000001e+00     2.999923327516223e+03
     9.292170600000000e+00     2.999930026936440e+03
     9.376141900000000e+00     2.999936193722771e+03
     9.460872000000000e+00     2.999941865513145e+03
     9.546367900000000e+00     2.999947077673561e+03
     9.632636300000000e+00     2.999951863406160e+03
     9.719684300000001e+00     2.999956253853894e+03
     9.807518999999999e+00     2.999960278202380e+03
     9.896147400000000e+00     2.999963963778326e+03
     9.985576699999999e+00     2.999967336144704e+03
     1.007581400000000e+01     2.999970419192829e+03
     1.016686700000000e+01     2.999973235231083e+03
     1.025874300000000e+01     2.999975805070623e+03
     1.035144900000000e+01     2.999978148107584e+03
     1.044499300000000e+01     2.999980282402190e+03
     1.053938200000000e+01     2.999982224754980e+03
     1.063462400000000e+01     2.999983990779504e+03
     1.073072700000000e+01     2.999985594972335e+03
     1.082769800000000e+01     2.999987050779840e+03
     1.092554500000000e+01     2.999988370661884e+03
     1.102427700000000e+01     2.999989566152907e+03
     1.112390100000000e+01     2.999990647920078e+03
     1.122442500000000e+01     2.999991625818364e+03
     1.132585800000000e+01     2.999992508943240e+03
     1.142820700000000e+01     2.999993305680689e+03
     1.153148100000000e+01     2.999994023754428e+03
     1.163568900000000e+01     2.999994670270933e+03
     1.174083800000000e+01     2.999995251761892e+03
     1.184693700000000e+01     2.999995774224240e+03
     1.195399600000000e+01     2.999996243158169e+03
     1.206202100000000e+01     2.999996663602861e+03
     1.217102300000000e+01     2.999997040169987e+03
     1.228101000000000e+01     2.999997377075518e+03
     1.239199100000000e+01     2.999997678169328e+03
     1.250397400000000e+01     2.999997946963097e+03
     1.261697000000000e+01     2.999998186656412e+03
     1.273098700000000e+01     2.999998400161250e+03
     1.284603400000000e+01     2.999998590124753e+03
     1.296212100000000e+01     2.999998758950564e+03
     1.307925700000000e+01     2.999998908818701e+03
     1.319745100000000e+01     2.999999041704031e+03
     1.331671300000000e+01     2.999999159393468e+03
     1.343705400000000e+01     2.999999263501942e+03
     1.355848100000000e+01     2.999999355487201e+03
     1.368100600000000e+01     2.999999436663491e+03
     1.380463900000000e+01     2.999999508214266e+03
     1.392938800000000e+01     2.999999571203873e+03
     1.405526500000000e+01     2.999999626588345e+03
     1.418227900000000e+01     2.999999675225362e+03
     1.431044100000000e+01     2.999999717883384e+03
     1.443976200000000e+01     2.999999755250059e+03
     1.457025100000000e+01     2.999999787939932e+03
     1.470191900000000e+01     2.999999816501493e+03
     1.483477700000000e+01     2.999999841423647e+03
     1.496883500000000e+01     2.999999863141607e+03
     1.510410600000000e+01     2.999999882042272e+03
     1.524059800000000e+01     2.999999898469138e+03
     1.537832400000000e+01     2.999999912726739e+03
     1.551729400000000e+01     2.999999925084711e+03
     1.565752100000000e+01     2.999999935781451e+03
     1.579901400000000e+01     2.999999945027454e+03
     1.594178700000000e+01     2.999999953008304e+03
     1.608584900000000e+01     2.999999959887406e+03
     1.623121300000000e+01     2.999999965808419e+03
     1.637789100000000e+01     2.999999970897465e+03
     1.652589500000000e+01     2.999999975265110e+03
     1.667523600000000e+01     2.999999979008138e+03
     1.682592600000000e+01     2.999999982211146e+03
     1.697797800000000e+01     2.999999984947965e+03
     1.713140400000000e+01     2.999999987282936e+03
     1.728621700000000e+01     2.999999989272046e+03
     1.744242900000000e+01     2.999999990963934e+03
     1.760005200000000e+01     2.999999992400793e+03
     1.775910000000000e+01     2.999999993619164e+03
     1.791958500000000e+01     2.999999994650650e+03
     1.808152100000000e+01     2.999999995522533e+03
     1.824491900000000e+01     2.999999996258329e+03
     1.840979500000000e+01     2.999999996878278e+03
     1.857616000000000e+01     2.999999997399769e+03
     1.874402900000000e+01     2.999999997837718e+03
     1.891341400000000e+01     2.999999998204900e+03
     1.908433100000000e+01     2.999999998512234e+03
     1.925679200000000e+01     2.999999998769040e+03
     1.943081100000000e+01     2.999999998983261e+03
     1.960640300000000e+01     2.999999999161652e+03
     1.978358200000000e+01     2.999999999309947e+03
     1.996236200000000e+01     2.999999999433009e+03
     2.014275700000000e+01     2.999999999534950e+03
     2.032478300000000e+01     2.999999999619246e+03
     2.050845300000000e+01     2.999999999688825e+03
     2.069378400000000e+01     2.999999999746152e+03
     2.088078900000000e+01     2.999999999793299e+03
     2.106948400000000e+01     2.999999999832002e+03
     2.125988400000000e+01     2.999999999863713e+03
     2.145200500000000e+01     2.999999999889647e+03
     2.164586200000000e+01     2.999999999910817e+03
     2.184147100000000e+01     2.999999999928064e+03
     2.203884800000000e+01     2.999999999942088e+03
     2.223800800000000e+01     2.999999999953470e+03
     2.243896800000000e+01     2.999999999962688e+03
     2.264174400000000e+01     2.999999999970140e+03
     2.284635200000000e+01     2.999999999976151e+03
     2.305281000000000e+01     2.999999999980992e+03
     2.326113300000000e+01     2.999999999984881e+03
     2.347133900000000e+01     2.999999999987998e+03
     2.368344400000000e+01     2.999999999990493e+03
     2.389746600000000e+01     2.999999999992485e+03
     2.411342200000000e+01     2.999999999994073e+03
     2.433133000000000e+01     2.999999999995334e+03
     2.455120700000000e+01     2.999999999996336e+03
     2.477307100000000e+01     2.999999999997129e+03
     2.499694000000000e+01     2.999999999997754e+03
     2.522283200000000e+01     2.999999999998248e+03
     2.545076500000000e+01     2.999999999998636e+03
     2.568075800000000e+01     2.999999999998940e+03
     2.591282900000000e+01     2.999999999999179e+03
     2.614699800000000e+01     2.999999999999365e+03
     2.638328200000000e+01     2.999999999999511e+03
     2.662170200000000e+01     2.999999999999623e+03
     2.686227700000000e+01     2.999999999999711e+03
     2.710502500000000e+01     2.999999999999779e+03
     2.734996700000000e+01     2.999999999999831e+03
     2.759712300000000e+01     2.999999999999871e+03
     2.784651200000000e+01     2.999999999999902e+03
     2.809815500000000e+01     2.999999999999925e+03
     2.835207200000000e+01     2.999999999999944e+03
     2.860828300000000e+01     2.999999999999958e+03
     2.886681000000000e+01     2.999999999999968e+03
     2.912767300000000e+01     2.999999999999976e+03
     2.939089300000000e+01     2.999999999999982e+03
     2.965649300000000e+01     2.999999999999986e+03
     2.992449200000000e+01     2.999999999999990e+03
     3.019491300000000e+01     2.999999999999993e+03
     3.046777800000000e+01     2.999999999999995e+03
     3.074310800000000e+01     2.999999999999996e+03
     3.102092700000000e+01     2.999999999999997e+03
     3.130125600000000e+01     2.999999999999998e+03
     3.158411900000000e+01     2.999999999999998e+03
     3.186953800000000e+01     2.999999999999999e+03
     3.215753600000000e+01     2.999999999999999e+03
     3.244813600000000e+01     2.999999999999999e+03
     3.274136300000000e+01     3.000000000000000e+03
     3.303723900000000e+01     3.000000000000000e+03
     3.333579000000000e+01     3.000000000000000e+03
     3.363703800000000e+01     3.000000000000000e+03
     3.394100800000000e+01     3.000000000000000e+03
     3.424772600000000e+01     3.000000000000000e+03
     3.455721500000000e+01     3.000000000000000e+03
     3.486950100000000e+01     3.000000000000000e+03
     3.518460900000000e+01     3.000000000000000e+03
     3.550256400000000e+01     3.000000000000000e+03
     3.582339300000000e+01     3.000000000000000e+03